[gd_scene load_steps=22 format=3 uid="uid://c47wqn8e3x3kp"]

[ext_resource type="Script" path="res://core/scripts/levels/3D_Scene.gd" id="1_xpe6m"]
[ext_resource type="PackedScene" uid="uid://bdymd2t2g5omt" path="res://core/scenes/player/fish3D.tscn" id="2_pwssy"]
[ext_resource type="Texture2D" uid="uid://bnv5enyf7jue0" path="res://assets/Stylized Sky Background (15).png" id="3_mxfrt"]
[ext_resource type="PackedScene" uid="uid://d4igbtknc8hfw" path="res://tank_wall.tscn" id="5_robmj"]
[ext_resource type="PackedScene" uid="uid://c0mn3qvws30fl" path="res://cup_obstacle.tscn" id="5_x58u5"]
[ext_resource type="PackedScene" uid="uid://d1asxv00gte5c" path="res://assets/3D/flushFINAL.fbx" id="6_ho6o7"]
[ext_resource type="PackedScene" uid="uid://c5ve5lakf028g" path="res://core/scenes/objects/key.tscn" id="8_7chl0"]
[ext_resource type="PackedScene" uid="uid://blhvkkreqaiwb" path="res://assets/3D/BulleteinBoardFINAL.fbx" id="9_iv1i5"]
[ext_resource type="PackedScene" uid="uid://ojtcuafssfm6" path="res://bucket_obstacle.tscn" id="11_17yu6"]
[ext_resource type="PackedScene" uid="uid://cjwclci67dskf" path="res://assets/3D/ToiletFINAL.fbx" id="12_35efn"]
[ext_resource type="PackedScene" uid="uid://dfj0m2bapnuyj" path="res://assets/strawFINAL.fbx" id="12_564fi"]
[ext_resource type="PackedScene" uid="uid://bn68bfge0cjip" path="res://mop_obstacle.tscn" id="12_d4fpo"]

[sub_resource type="PanoramaSkyMaterial" id="PanoramaSkyMaterial_h7875"]
panorama = ExtResource("3_mxfrt")

[sub_resource type="Sky" id="Sky_5xs0r"]
sky_material = SubResource("PanoramaSkyMaterial_h7875")

[sub_resource type="Environment" id="Environment_ublo3"]
background_mode = 2
sky = SubResource("Sky_5xs0r")
ambient_light_source = 3

[sub_resource type="PhysicsMaterial" id="PhysicsMaterial_dfuca"]

[sub_resource type="PlaneMesh" id="PlaneMesh_vf4le"]
size = Vector2(100.075, 100)

[sub_resource type="ConcavePolygonShape3D" id="ConcavePolygonShape3D_1iubv"]
data = PackedVector3Array(50.0375, 0, 50, -50.0375, 0, 50, 50.0375, 0, -50, -50.0375, 0, 50, -50.0375, 0, -50, 50.0375, 0, -50)

[sub_resource type="PlaneMesh" id="PlaneMesh_3jtqp"]

[sub_resource type="StandardMaterial3D" id="StandardMaterial3D_2uxi4"]
albedo_texture = ExtResource("3_mxfrt")

[sub_resource type="BoxMesh" id="BoxMesh_7sdrn"]

[node name="Node3D" type="Node3D"]
script = ExtResource("1_xpe6m")

[node name="fish" parent="." instance=ExtResource("2_pwssy")]
transform = Transform3D(-0.129004, 0, -0.991645, 0, 1, 0, 0.991645, 0, -0.129004, 5.62127, -0.579789, -2.30055)
floor_stop_on_slope = false
platform_wall_layers = 15

[node name="CamOrigin" type="Node3D" parent="fish"]
transform = Transform3D(1, 0, 1.49012e-08, 0, 1, 0, -1.49012e-08, 0, 1, 0, 0.414803, 0)

[node name="SpringArm3D" type="SpringArm3D" parent="fish/CamOrigin"]
spring_length = 2.0
margin = 0.5

[node name="Camera3D" type="Camera3D" parent="fish/CamOrigin/SpringArm3D"]
transform = Transform3D(0.999999, 0, 0, 0, 1, 0, 0, 0, 0.999999, 0.307199, 0, 2.36142)
current = true

[node name="WorldEnvironment" type="WorldEnvironment" parent="."]
environment = SubResource("Environment_ublo3")

[node name="cup" parent="." instance=ExtResource("5_x58u5")]
transform = Transform3D(1, 2.98023e-08, -1.10827e-07, 2.98023e-08, 1, -1.1269e-07, 1.86265e-09, -1.67638e-08, 1, 16.7678, -4.87149, -10.9262)

[node name="cup2" parent="." instance=ExtResource("5_x58u5")]
transform = Transform3D(0.99973, 0.0232277, -4.29419e-08, -0.0232285, 0.999731, 2.78241e-07, 2.77534e-07, 2.80328e-07, 1, 16.7486, -4.55308, -10.9064)

[node name="tank4" parent="." instance=ExtResource("5_robmj")]
transform = Transform3D(0.00902334, -5.39356e-07, -0.999959, -2.98024e-07, 1, 3.81842e-07, 0.999959, 9.735e-07, 0.00902298, 30.1572, -4.33884, -16.6846)

[node name="tank6" parent="." instance=ExtResource("5_robmj")]
transform = Transform3D(-0.999971, 0.00296565, -0.00696382, 0.00296628, 0.999996, 5.3924e-05, 0.0069636, 3.39459e-05, -0.999976, 4.27547, -4.01393, 9.36357)

[node name="tank7" parent="." instance=ExtResource("5_robmj")]
transform = Transform3D(-0.999833, 0.00296584, -0.0180458, 0.00296628, 0.999996, 5.39239e-05, 0.0180455, 1.06607e-06, -0.999836, 20.2855, -3.96242, 9.48568)
physics_material_override = SubResource("PhysicsMaterial_dfuca")

[node name="tank5" parent="." instance=ExtResource("5_robmj")]
transform = Transform3D(0.00902334, -5.39356e-07, -0.999959, -2.98024e-07, 1, 3.81842e-07, 0.999959, 9.735e-07, 0.00902298, 30.1572, -4.33884, -0.604985)

[node name="floor" type="MeshInstance3D" parent="."]
transform = Transform3D(1, -6.25849e-07, 6.0536e-08, -2.68221e-07, 1, 3.97675e-07, 2.468e-07, 2.97092e-07, 1, 27.5381, -6.08202, -0.786135)
mesh = SubResource("PlaneMesh_vf4le")

[node name="StaticBody3D" type="StaticBody3D" parent="floor"]

[node name="CollisionShape3D" type="CollisionShape3D" parent="floor/StaticBody3D"]
shape = SubResource("ConcavePolygonShape3D_1iubv")

[node name="key" parent="." instance=ExtResource("8_7chl0")]
transform = Transform3D(1, 0, 0, 0, 1, 0, 0, 0, 1, 23.4675, -0.2847, -20.2338)

[node name="BulleteinBoardFINAL" parent="." instance=ExtResource("9_iv1i5")]
transform = Transform3D(0.0295965, 0, -0.999562, 0, 1, 0, 0.999562, 0, 0.0295965, 26.1047, -3.13417, -2.09067)

[node name="ToiletFINAL" parent="." instance=ExtResource("12_35efn")]
transform = Transform3D(1, 0, 0, 0, 1, 0, 0, 0, 1, 23.444, -1.23966, -21.1685)

[node name="flushFINAL" parent="ToiletFINAL" instance=ExtResource("6_ho6o7")]
transform = Transform3D(1, 2.98023e-08, -5.94184e-07, 2.98023e-08, 1, -6.1281e-07, 1.86265e-09, -1.67638e-08, 1, 0.80751, 1.69919, -0.545868)

[node name="cup3" parent="." instance=ExtResource("5_x58u5")]
transform = Transform3D(1, 0, 0, 0, 1, 0, 0, 0, 1, 16.7815, -5.24177, -10.9611)

[node name="bucket3" parent="." instance=ExtResource("11_17yu6")]
transform = Transform3D(1, 0, 0, 0, 1, 0, 0, 0, 1, 18.5711, -5.39128, -15.4069)

[node name="mop" parent="." instance=ExtResource("12_d4fpo")]
transform = Transform3D(-0.135456, 0, 0.990783, 0, 1, 0, -0.990783, 0, -0.135456, 24.7809, -2.62092, -16.1892)

[node name="tank" parent="." instance=ExtResource("5_robmj")]
transform = Transform3D(1, 0, 0, 0, 1, 0, 0, 0, 1, 2.6191, -4.10195, -26.6703)

[node name="tank2" parent="." instance=ExtResource("5_robmj")]
transform = Transform3D(1, 0, 0, 0, 1, 0, 0, 0, 1, 18.5615, -3.99679, -26.6763)

[node name="tank3" parent="." instance=ExtResource("5_robmj")]
transform = Transform3D(0.0242053, 0, -0.999707, 0, 1, 0, 0.999707, 0, 0.0242053, -1.84032, -4.04132, -16.9654)

[node name="StaticBody3D" parent="." instance=ExtResource("11_17yu6")]
transform = Transform3D(1, 0, 0, 0, 1, 0, 0, 0, 1, 18.7248, -5.45876, -10.8994)

[node name="SpotLight3D" type="SpotLight3D" parent="."]
transform = Transform3D(1, 0, 0, 0, -0.0890855, 0.996024, 0, -0.996024, -0.0890855, 23.4765, 2.28673, -20.8707)
light_color = Color(0.912821, 0.483526, 0, 1)
light_energy = 5.683
light_indirect_energy = 3.966
light_volumetric_fog_energy = 1.655
spot_range = 6.594
spot_angle = 46.7211

[node name="roof" type="MeshInstance3D" parent="."]
transform = Transform3D(30, 0, 0, 0, -29.9732, 1.26883, 0, -1.26883, -29.9732, 6.17438, 2.33986, 0)
mesh = SubResource("PlaneMesh_3jtqp")

[node name="tank8" parent="." instance=ExtResource("5_robmj")]
transform = Transform3D(0.0357542, 0, -0.999361, 0, 1, 0, 0.999361, 0, 0.0357542, -0.307222, -4.00619, -1.72623)

[node name="Node3D" parent="." instance=ExtResource("5_x58u5")]
transform = Transform3D(1, 0, 0, 0, 1, 0, 0, 0, 1, 3.29784, -5.53952, 3.19312)

[node name="MeshInstance3D" type="MeshInstance3D" parent="."]
transform = Transform3D(-0.998552, 0.0536321, 0.00426906, -0.0537992, -0.996131, -0.0694764, 0.000526415, -0.0696057, 0.997575, 9.39704, -2.61595, 6.12681)
material_override = SubResource("StandardMaterial3D_2uxi4")
mesh = SubResource("BoxMesh_7sdrn")

[node name="OmniLight3D" type="OmniLight3D" parent="."]
transform = Transform3D(0.928639, 0.370549, -0.0179715, 0.0547714, -0.0890297, 0.994522, 0.366919, -0.924536, -0.102972, 8.05664, 0.265763, 0)
light_energy = 9.507
light_indirect_energy = 2.327
light_volumetric_fog_energy = 2.249
omni_range = 15.684
omni_attenuation = 2.327

[node name="SpotLight3D2" type="SpotLight3D" parent="."]
transform = Transform3D(1, 0, 0, 0, -0.0650549, 0.997882, 0, -0.997882, -0.0650549, 22.1318, 1.11337, -13.0802)
light_energy = 2.025
light_volumetric_fog_energy = 1.312
spot_range = 77.14
spot_attenuation = 0.61

[node name="OmniLight3D2" type="OmniLight3D" parent="."]
transform = Transform3D(0.928639, 0.370549, -0.0179715, 0.0547714, -0.0890297, 0.994522, 0.366919, -0.924536, -0.102972, 8.05664, -1.13709, -13.6662)
light_energy = 9.507
light_indirect_energy = 2.327
light_volumetric_fog_energy = 2.249
omni_range = 15.684
omni_attenuation = 2.327

[node name="StaticBody3D2" parent="." instance=ExtResource("11_17yu6")]
transform = Transform3D(0.128276, 0, -0.991738, 0, 1, 0, 0.991738, 0, 0.128276, 17.2111, -5.94769, 3.50203)

[node name="Node3D2" parent="." instance=ExtResource("5_x58u5")]
transform = Transform3D(1, 0, 0, 0, 1, 0, 0, 0, 1, 24.1018, -5.62334, 4.3954)

[node name="Node3D3" parent="." instance=ExtResource("5_x58u5")]
transform = Transform3D(1, 0, 0, 0, 1, 0, 0, 0, 1, 24.0963, -5.12334, 4.3399)

[node name="Node3D4" parent="." instance=ExtResource("5_x58u5")]
transform = Transform3D(1, 0, 0, 0, 1, 0, 0, 0, 1, 24.095, -4.38856, 4.31942)

[node name="Node3D5" parent="." instance=ExtResource("5_x58u5")]
transform = Transform3D(1, 0, 0, 0, 1, 0, 0, 0, 1, 24.0826, -3.86003, 4.30175)

[node name="Node3D6" parent="." instance=ExtResource("5_x58u5")]
transform = Transform3D(1, 0, 0, 0, 1, 0, 0, 0, 1, 24.0764, -3.36003, 4.28805)

[node name="Node3D7" parent="." instance=ExtResource("5_x58u5")]
transform = Transform3D(1, 0, 0, 0, 1, 0, 0, 0, 1, 24.0791, -2.86003, 4.27761)

[node name="Node3D8" parent="." instance=ExtResource("5_x58u5")]
transform = Transform3D(1, 0, 0, 0, 1, 0, 0, 0, 1, 24.0486, -2.36003, 4.24175)

[node name="Node3D9" parent="." instance=ExtResource("5_x58u5")]
transform = Transform3D(1, 0, 0, 0, 1, 0, 0, 0, 1, 24.1633, -1.86003, 4.30453)

[node name="Node3D10" parent="." instance=ExtResource("5_x58u5")]
transform = Transform3D(1, 0, 0, 0, -0.141696, -0.98991, 0, 0.98991, -0.141696, 17.3191, -5.75587, -14.0603)

[node name="Node3D11" parent="." instance=ExtResource("5_x58u5")]
transform = Transform3D(1, 0, 0, 0, 1, 0, 0, 0, 1, 18.6917, -4.80497, -13.8326)

[node name="StaticBody3D3" parent="." instance=ExtResource("11_17yu6")]
transform = Transform3D(1, 0, 0, 0, 1, 0, 0, 0, 1, 2.83599, -5.61408, -14.3943)

[node name="MOP" parent="." instance=ExtResource("12_d4fpo")]
transform = Transform3D(0.498851, 0.866688, 0, -0.866688, 0.498851, 0, 0, 0, 1, 2.89899, -4.55634, -12.146)

[node name="Node3D12" parent="." instance=ExtResource("5_x58u5")]
transform = Transform3D(1, 0, 0, 0, 1, 0, 0, 0, 1, 2.56326, -5.54398, 1.28242)

[node name="strawFINAL" parent="." instance=ExtResource("12_564fi")]
transform = Transform3D(1, 0, 0, 0, 1, 0, 0, 0, 1, 3.34068, -5.26995, 3.25583)

[node name="strawFINAL2" parent="." instance=ExtResource("12_564fi")]
transform = Transform3D(1, 0, 0, 0, 1, 0, 0, 0, 1, 23.9482, -1.36003, 4.36126)

[node name="strawFINAL3" parent="." instance=ExtResource("12_564fi")]
transform = Transform3D(-0.759283, 0, 0.650761, 0, 1, 0, -0.650761, 0, -0.759283, 24.1972, -1.50206, 4.13782)
