[gd_scene load_steps=17 format=3 uid="uid://c47wqn8e3x3kp"]

[ext_resource type="Script" path="res://core/scripts/levels/3D_Scene.gd" id="1_xpe6m"]
[ext_resource type="PackedScene" uid="uid://bdymd2t2g5omt" path="res://core/scenes/player/fish3D.tscn" id="2_pwssy"]
[ext_resource type="Texture2D" uid="uid://beijj2s2efwa6" path="res://assets/png/Stylized Sky Background (8).png" id="2_q8wwo"]
[ext_resource type="PackedScene" uid="uid://d4igbtknc8hfw" path="res://tank_wall.tscn" id="5_robmj"]
[ext_resource type="PackedScene" uid="uid://c0mn3qvws30fl" path="res://cup_obstacle.tscn" id="5_x58u5"]
[ext_resource type="PackedScene" uid="uid://d1asxv00gte5c" path="res://assets/3D/flushFINAL.fbx" id="6_ho6o7"]
[ext_resource type="PackedScene" uid="uid://c5ve5lakf028g" path="res://core/scenes/objects/key.tscn" id="8_7chl0"]
[ext_resource type="PackedScene" uid="uid://blhvkkreqaiwb" path="res://assets/3D/BulleteinBoardFINAL.fbx" id="9_iv1i5"]
[ext_resource type="PackedScene" uid="uid://ojtcuafssfm6" path="res://bucket_obstacle.tscn" id="11_17yu6"]
[ext_resource type="PackedScene" uid="uid://cjwclci67dskf" path="res://assets/3D/ToiletFINAL.fbx" id="12_35efn"]
[ext_resource type="PackedScene" uid="uid://bn68bfge0cjip" path="res://mop_obstacle.tscn" id="12_d4fpo"]

[sub_resource type="PanoramaSkyMaterial" id="PanoramaSkyMaterial_h7875"]
panorama = ExtResource("2_q8wwo")

[sub_resource type="Sky" id="Sky_5xs0r"]
sky_material = SubResource("PanoramaSkyMaterial_h7875")

[sub_resource type="Environment" id="Environment_ublo3"]
background_mode = 2
sky = SubResource("Sky_5xs0r")
ambient_light_source = 3

[sub_resource type="PlaneMesh" id="PlaneMesh_vf4le"]
size = Vector2(100.075, 100)

[sub_resource type="ConcavePolygonShape3D" id="ConcavePolygonShape3D_1iubv"]
data = PackedVector3Array(50.0375, 0, 50, -50.0375, 0, 50, 50.0375, 0, -50, -50.0375, 0, 50, -50.0375, 0, -50, 50.0375, 0, -50)

[node name="Node3D" type="Node3D"]
script = ExtResource("1_xpe6m")

[node name="fish" parent="." instance=ExtResource("2_pwssy")]
transform = Transform3D(-0.129004, 0, -0.991645, 0, 1, 0, 0.991645, 0, -0.129004, 5.62127, -0.579789, -2.30055)
floor_stop_on_slope = false
platform_wall_layers = 15

[node name="CamOrigin" type="Node3D" parent="fish"]
transform = Transform3D(1, 0, 1.49012e-08, 0, 1, 0, -1.49012e-08, 0, 1, 0, 0.414803, 0)

[node name="SpringArm3D" type="SpringArm3D" parent="fish/CamOrigin"]
spring_length = 2.0
margin = 0.5

[node name="Camera3D" type="Camera3D" parent="fish/CamOrigin/SpringArm3D"]
transform = Transform3D(0.999999, 0, 0, 0, 1, 0, 0, 0, 0.999999, 0.307199, 0, 2.36142)
current = true

[node name="WorldEnvironment" type="WorldEnvironment" parent="."]
environment = SubResource("Environment_ublo3")

[node name="cup" parent="." instance=ExtResource("5_x58u5")]
transform = Transform3D(1, 2.98023e-08, -1.10827e-07, 2.98023e-08, 1, -1.1269e-07, 1.86265e-09, -1.67638e-08, 1, 16.7678, -4.87149, -10.9262)

[node name="cup2" parent="." instance=ExtResource("5_x58u5")]
transform = Transform3D(0.99973, 0.0232277, -4.29419e-08, -0.0232285, 0.999731, 2.78241e-07, 2.77534e-07, 2.80328e-07, 1, 16.7486, -4.55308, -10.9064)

[node name="DirectionalLight3D" type="DirectionalLight3D" parent="."]
transform = Transform3D(-0.517884, -0.469501, -0.715097, -0.548858, -0.458827, 0.698737, -0.656164, 0.754352, -0.02007, -15.8954, 14.2449, -0.0229282)

[node name="plane_array" type="MeshInstance3D" parent="DirectionalLight3D"]
transform = Transform3D(-0.517884, -0.548858, -0.656164, -0.469501, -0.458827, 0.754351, -0.715098, 0.698737, -0.02007, -11.5123, -10.8639, -45.2677)
mesh = SubResource("PlaneMesh_vf4le")
skeleton = NodePath("../..")

[node name="StaticBody3D" type="StaticBody3D" parent="DirectionalLight3D/plane_array"]

[node name="CollisionShape3D" type="CollisionShape3D" parent="DirectionalLight3D/plane_array/StaticBody3D"]
shape = SubResource("ConcavePolygonShape3D_1iubv")

[node name="tank" parent="DirectionalLight3D/plane_array" instance=ExtResource("5_robmj")]
transform = Transform3D(0.00902326, 8.64926e-08, -0.999959, -6.77161e-07, 1, 8.03856e-08, 0.999959, 6.76408e-07, 0.00902326, 2.6191, 1.74318, -15.8985)

[node name="tank2" parent="DirectionalLight3D/plane_array" instance=ExtResource("5_robmj")]
transform = Transform3D(0.00902326, 8.64926e-08, -0.999959, -6.77161e-07, 1, 8.03856e-08, 0.999959, 6.76408e-07, 0.00902326, 2.6191, 1.74318, -0.202047)

[node name="tank" parent="DirectionalLight3D/plane_array/tank2" instance=ExtResource("5_robmj")]
transform = Transform3D(0.0090233, 2.68582e-05, -0.999959, 0.0029659, 0.999996, 5.36224e-05, 0.999955, -0.00296626, 0.00902318, 10.558, 0.376412, 11.5944)

[node name="tank3" parent="DirectionalLight3D/plane_array" instance=ExtResource("5_robmj")]
transform = Transform3D(-0.999971, 0.00296628, -0.00696374, 0.00296598, 0.999996, 5.43037e-05, 0.00696388, 3.3648e-05, -0.999976, -24.4809, 2.46381, 10.7502)

[node name="key" parent="." instance=ExtResource("8_7chl0")]
transform = Transform3D(1, 0, 0, 0, 1, 0, 0, 0, 1, 19.6465, -4.44927, 0.910215)

[node name="BulleteinBoardFINAL" parent="." instance=ExtResource("9_iv1i5")]
transform = Transform3D(0.0295965, 0, -0.999562, 0, 1, 0, 0.999562, 0, 0.0295965, 21.7278, -3.13417, -2.09067)

[node name="ToiletFINAL" parent="." instance=ExtResource("12_35efn")]
transform = Transform3D(1, 0, 0, 0, 1, 0, 0, 0, 1, 47.3866, -4.08651, -17.5129)

[node name="flushFINAL" parent="ToiletFINAL" instance=ExtResource("6_ho6o7")]
transform = Transform3D(1, 2.98023e-08, -5.94184e-07, 2.98023e-08, 1, -6.1281e-07, 1.86265e-09, -1.67638e-08, 1, 0.80751, 1.69919, -0.545868)

[node name="cup3" parent="." instance=ExtResource("5_x58u5")]
transform = Transform3D(1, 0, 0, 0, 1, 0, 0, 0, 1, 16.7815, -5.24177, -10.9611)

[node name="bucket3" parent="." instance=ExtResource("11_17yu6")]
transform = Transform3D(1, 0, 0, 0, 1, 0, 0, 0, 1, 16.029, -5.39128, -15.4069)

[node name="mop" parent="." instance=ExtResource("12_d4fpo")]
transform = Transform3D(1, 0, 0, 0, 1, 0, 0, 0, 1, 21.5519, -2.62092, -6.77145)

[node name="tank" parent="." instance=ExtResource("5_robmj")]
transform = Transform3D(1, 0, 0, 0, 1, 0, 0, 0, 1, 2.6191, -4.10195, -26.6703)

[node name="tank2" parent="." instance=ExtResource("5_robmj")]
transform = Transform3D(1, 0, 0, 0, 1, 0, 0, 0, 1, 18.5615, -3.99679, -26.6763)

[node name="tank3" parent="." instance=ExtResource("5_robmj")]
transform = Transform3D(0.0242053, 0, -0.999707, 0, 1, 0, 0.999707, 0, 0.0242053, -0.966523, -4.04132, -16.1426)
